Logging to /home/paulgilles/Bachelorarbeit/modified-improved-diffusion-main/Models/2023-06-28_21-54-32
creating model and diffusion...
sampling...
0 0 0
1 500 0
2 1000 0
3 1500 0
4 2000 0
5 2500 0
6 3000 0
7 3500 0
created 16 samples
0 0 1
1 500 1
2 1000 1
3 1500 1
4 2000 1
5 2500 1
6 3000 1
7 3500 1
created 32 samples
0 0 2
1 500 2
2 1000 2
3 1500 2
4 2000 2
5 2500 2
6 3000 2
7 3500 2
created 48 samples
0 0 3
1 500 3
2 1000 3
3 1500 3
4 2000 3
5 2500 3
6 3000 3
7 3500 3
created 64 samples
0 0 4
1 500 4
2 1000 4
3 1500 4
4 2000 4
5 2500 4
6 3000 4
7 3500 4
created 80 samples
0 0 5
1 500 5
2 1000 5
3 1500 5
4 2000 5
5 2500 5
6 3000 5
7 3500 5
created 96 samples
0 0 6
1 500 6
2 1000 6
3 1500 6
4 2000 6
5 2500 6
6 3000 6
7 3500 6
created 112 samples
0 0 7
1 500 7
2 1000 7
3 1500 7
4 2000 7
5 2500 7
6 3000 7
7 3500 7
created 128 samples
0 0 8
1 500 8
2 1000 8
3 1500 8
4 2000 8
5 2500 8
6 3000 8
7 3500 8
created 144 samples
0 0 9
1 500 9
2 1000 9
3 1500 9
4 2000 9
5 2500 9
6 3000 9
7 3500 9
created 160 samples
0 0 10
1 500 10
2 1000 10
3 1500 10
4 2000 10
5 2500 10
6 3000 10
7 3500 10
created 176 samples
0 0 11
1 500 11
2 1000 11
3 1500 11
4 2000 11
5 2500 11
6 3000 11
7 3500 11
created 192 samples
0 0 12
1 500 12
2 1000 12
3 1500 12
4 2000 12
5 2500 12
6 3000 12
7 3500 12
created 208 samples
0 0 13
1 500 13
2 1000 13
3 1500 13
4 2000 13
5 2500 13
6 3000 13
7 3500 13
created 224 samples
0 0 14
1 500 14
2 1000 14
3 1500 14
4 2000 14
5 2500 14
6 3000 14
7 3500 14
created 240 samples
0 0 15
1 500 15
2 1000 15
3 1500 15
4 2000 15
5 2500 15
6 3000 15
7 3500 15
created 256 samples
0 0 16
1 500 16
2 1000 16
3 1500 16
4 2000 16
5 2500 16
6 3000 16
7 3500 16
created 272 samples
0 0 17
1 500 17
2 1000 17
3 1500 17
4 2000 17
5 2500 17
6 3000 17
7 3500 17
created 288 samples
0 0 18
1 500 18
2 1000 18
3 1500 18
4 2000 18
5 2500 18
6 3000 18
7 3500 18
created 304 samples
0 0 19
1 500 19
2 1000 19
3 1500 19
4 2000 19
5 2500 19
6 3000 19
7 3500 19
created 320 samples
0 0 20
1 500 20
2 1000 20
3 1500 20
4 2000 20
5 2500 20
6 3000 20
7 3500 20
created 336 samples
0 0 21
1 500 21
2 1000 21
3 1500 21
4 2000 21
5 2500 21
6 3000 21
7 3500 21
created 352 samples
0 0 22
1 500 22
2 1000 22
3 1500 22
4 2000 22
5 2500 22
6 3000 22
7 3500 22
created 368 samples
0 0 23
1 500 23
2 1000 23
3 1500 23
4 2000 23
5 2500 23
6 3000 23
7 3500 23
created 384 samples
0 0 24
1 500 24
2 1000 24
3 1500 24
4 2000 24
5 2500 24
6 3000 24
7 3500 24
created 400 samples
0 0 25
1 500 25
2 1000 25
3 1500 25
4 2000 25
5 2500 25
6 3000 25
7 3500 25
created 416 samples
0 0 26
1 500 26
2 1000 26
3 1500 26
4 2000 26
5 2500 26
6 3000 26
7 3500 26
created 432 samples
0 0 27
1 500 27
2 1000 27
3 1500 27
4 2000 27
5 2500 27
6 3000 27
7 3500 27
created 448 samples
0 0 28
1 500 28
2 1000 28
3 1500 28
4 2000 28
5 2500 28
6 3000 28
7 3500 28
created 464 samples
0 0 29
1 500 29
2 1000 29
3 1500 29
4 2000 29
5 2500 29
6 3000 29
7 3500 29
created 480 samples
0 0 30
1 500 30
2 1000 30
3 1500 30
4 2000 30
5 2500 30
6 3000 30
7 3500 30
created 496 samples
0 0 31
1 500 31
2 1000 31
3 1500 31
4 2000 31
5 2500 31
6 3000 31
7 3500 31
created 512 samples
0 0 32
1 500 32
2 1000 32
3 1500 32
4 2000 32
5 2500 32
6 3000 32
7 3500 32
created 528 samples
0 0 33
1 500 33
2 1000 33
3 1500 33
4 2000 33
5 2500 33
6 3000 33
7 3500 33
created 544 samples
0 0 34
1 500 34
2 1000 34
3 1500 34
4 2000 34
5 2500 34
6 3000 34
7 3500 34
created 560 samples
0 0 35
1 500 35
2 1000 35
3 1500 35
4 2000 35
5 2500 35
6 3000 35
7 3500 35
created 576 samples
0 0 36
0 500 36
0 1000 36
0 1500 36
0 2000 36
0 2500 36
0 3000 36
0 3500 36
created 592 samples
0 0 37
0 500 37
0 1000 37
0 1500 37
0 2000 37
0 2500 37
0 3000 37
0 3500 37
created 608 samples
0 0 38
0 500 38
0 1000 38
0 1500 38
0 2000 38
0 2500 38
0 3000 38
0 3500 38
created 624 samples
0 0 39
0 500 39
0 1000 39
0 1500 39
0 2000 39
0 2500 39
0 3000 39
0 3500 39
created 640 samples
0 0 40
0 500 40
0 1000 40
0 1500 40
0 2000 40
0 2500 40
0 3000 40
0 3500 40
created 656 samples
0 0 41
0 500 41
0 1000 41
0 1500 41
0 2000 41
0 2500 41
0 3000 41
0 3500 41
created 672 samples
0 0 42
0 500 42
0 1000 42
0 1500 42
0 2000 42
0 2500 42
0 3000 42
0 3500 42
created 688 samples
0 0 43
0 500 43
0 1000 43
0 1500 43
0 2000 43
0 2500 43
0 3000 43
0 3500 43
created 704 samples
0 0 44
0 500 44
0 1000 44
0 1500 44
0 2000 44
0 2500 44
0 3000 44
0 3500 44
created 720 samples
0 0 45
0 500 45
0 1000 45
0 1500 45
0 2000 45
0 2500 45
0 3000 45
0 3500 45
created 736 samples
0 0 46
0 500 46
0 1000 46
0 1500 46
0 2000 46
0 2500 46
0 3000 46
0 3500 46
created 752 samples
0 0 47
0 500 47
0 1000 47
0 1500 47
0 2000 47
0 2500 47
0 3000 47
0 3500 47
created 768 samples
0 0 48
0 500 48
0 1000 48
0 1500 48
0 2000 48
0 2500 48
0 3000 48
0 3500 48
created 784 samples
0 0 49
0 500 49
0 1000 49
0 1500 49
0 2000 49
0 2500 49
0 3000 49
0 3500 49
created 800 samples
0 0 50
0 500 50
0 1000 50
0 1500 50
0 2000 50
0 2500 50
0 3000 50
0 3500 50
created 816 samples
0 0 51
0 500 51
0 1000 51
0 1500 51
0 2000 51
0 2500 51
0 3000 51
0 3500 51
created 832 samples
0 0 52
0 500 52
0 1000 52
0 1500 52
0 2000 52
0 2500 52
0 3000 52
0 3500 52
created 848 samples
0 0 53
0 500 53
0 1000 53
0 1500 53
0 2000 53
0 2500 53
0 3000 53
0 3500 53
created 864 samples
0 0 54
0 500 54
0 1000 54
0 1500 54
0 2000 54
0 2500 54
0 3000 54
0 3500 54
created 880 samples
0 0 55
0 500 55
0 1000 55
0 1500 55
0 2000 55
0 2500 55
0 3000 55
0 3500 55
created 896 samples
0 0 56
0 500 56
0 1000 56
0 1500 56
0 2000 56
0 2500 56
0 3000 56
0 3500 56
created 912 samples
0 0 57
0 500 57
0 1000 57
0 1500 57
0 2000 57
0 2500 57
0 3000 57
0 3500 57
created 928 samples
0 0 58
0 500 58
0 1000 58
0 1500 58
0 2000 58
0 2500 58
0 3000 58
0 3500 58
created 944 samples
0 0 59
0 500 59
0 1000 59
0 1500 59
0 2000 59
0 2500 59
0 3000 59
0 3500 59
created 960 samples
0 0 60
0 500 60
0 1000 60
0 1500 60
0 2000 60
0 2500 60
0 3000 60
0 3500 60
created 976 samples
0 0 61
0 500 61
0 1000 61
0 1500 61
0 2000 61
0 2500 61
0 3000 61
0 3500 61
created 992 samples
0 0 62
0 500 62
0 1000 62
0 1500 62
0 2000 62
0 2500 62
0 3000 62
0 3500 62
created 1008 samples
0 0 63
0 500 63
0 1000 63
0 1500 63
0 2000 63
0 2500 63
0 3000 63
0 3500 63
created 1024 samples
0 0 64
0 500 64
0 1000 64
0 1500 64
0 2000 64
0 2500 64
0 3000 64
0 3500 64
created 1040 samples
0 0 65
0 500 65
0 1000 65
0 1500 65
0 2000 65
0 2500 65
0 3000 65
0 3500 65
created 1056 samples
0 0 66
0 500 66
0 1000 66
0 1500 66
0 2000 66
0 2500 66
0 3000 66
0 3500 66
created 1072 samples
0 0 67
0 500 67
0 1000 67
0 1500 67
0 2000 67
0 2500 67
0 3000 67
0 3500 67
created 1088 samples
0 0 68
0 500 68
0 1000 68
0 1500 68
0 2000 68
0 2500 68
0 3000 68
0 3500 68
created 1104 samples
0 0 69
0 500 69
0 1000 69
0 1500 69
0 2000 69
0 2500 69
0 3000 69
0 3500 69
created 1120 samples
0 0 70
0 500 70
0 1000 70
0 1500 70
0 2000 70
0 2500 70
0 3000 70
0 3500 70
created 1136 samples
0 0 71
0 500 71
0 1000 71
0 1500 71
0 2000 71
0 2500 71
0 3000 71
0 3500 71
created 1152 samples
0 0 72
0 500 72
0 1000 72
0 1500 72
0 2000 72
0 2500 72
0 3000 72
0 3500 72
created 1168 samples
0 0 73
0 500 73
0 1000 73
0 1500 73
0 2000 73
0 2500 73
0 3000 73
0 3500 73
created 1184 samples
0 0 74
0 500 74
0 1000 74
0 1500 74
0 2000 74
0 2500 74
0 3000 74
0 3500 74
created 1200 samples
0 0 75
0 500 75
0 1000 75
0 1500 75
0 2000 75
0 2500 75
0 3000 75
0 3500 75
created 1216 samples
0 0 76
0 500 76
0 1000 76
0 1500 76
0 2000 76
0 2500 76
0 3000 76
0 3500 76
created 1232 samples
0 0 77
0 500 77
0 1000 77
0 1500 77
0 2000 77
0 2500 77
0 3000 77
0 3500 77
created 1248 samples
0 0 78
0 500 78
0 1000 78
0 1500 78
0 2000 78
0 2500 78
0 3000 78
0 3500 78
created 1264 samples
0 0 79
0 500 79
0 1000 79
0 1500 79
0 2000 79
0 2500 79
0 3000 79
0 3500 79
created 1280 samples
0 0 80
0 500 80
0 1000 80
0 1500 80
0 2000 80
0 2500 80
0 3000 80
0 3500 80
created 1296 samples
0 0 81
0 500 81
0 1000 81
0 1500 81
0 2000 81
0 2500 81
0 3000 81
0 3500 81
created 1312 samples
0 0 82
0 500 82
0 1000 82
0 1500 82
0 2000 82
0 2500 82
0 3000 82
0 3500 82
created 1328 samples
0 0 83
0 500 83
0 1000 83
0 1500 83
0 2000 83
0 2500 83
0 3000 83
0 3500 83
created 1344 samples
0 0 84
0 500 84
0 1000 84
0 1500 84
0 2000 84
0 2500 84
0 3000 84
0 3500 84
created 1360 samples
0 0 85
0 500 85
0 1000 85
0 1500 85
0 2000 85
0 2500 85
0 3000 85
0 3500 85
created 1376 samples
0 0 86
0 500 86
0 1000 86
0 1500 86
0 2000 86
0 2500 86
0 3000 86
0 3500 86
created 1392 samples
0 0 87
0 500 87
0 1000 87
0 1500 87
0 2000 87
0 2500 87
0 3000 87
0 3500 87
created 1408 samples
0 0 88
0 500 88
0 1000 88
0 1500 88
0 2000 88
0 2500 88
0 3000 88
0 3500 88
created 1424 samples
0 0 89
0 500 89
0 1000 89
0 1500 89
0 2000 89
0 2500 89
0 3000 89
0 3500 89
created 1440 samples
0 0 90
0 500 90
0 1000 90
0 1500 90
0 2000 90
0 2500 90
0 3000 90
0 3500 90
created 1456 samples
0 0 91
0 500 91
0 1000 91
0 1500 91
0 2000 91
0 2500 91
0 3000 91
0 3500 91
created 1472 samples
0 0 92
0 500 92
0 1000 92
0 1500 92
0 2000 92
0 2500 92
0 3000 92
0 3500 92
created 1488 samples
0 0 93
0 500 93
0 1000 93
0 1500 93
0 2000 93
0 2500 93
0 3000 93
0 3500 93
created 1504 samples
0 0 94
0 500 94
0 1000 94
0 1500 94
0 2000 94
0 2500 94
0 3000 94
0 3500 94
created 1520 samples
0 0 95
0 500 95
0 1000 95
0 1500 95
0 2000 95
0 2500 95
0 3000 95
0 3500 95
created 1536 samples
0 0 96
0 500 96
0 1000 96
0 1500 96
0 2000 96
0 2500 96
0 3000 96
0 3500 96
created 1552 samples
0 0 97
0 500 97
0 1000 97
0 1500 97
0 2000 97
0 2500 97
0 3000 97
0 3500 97
created 1568 samples
0 0 98
0 500 98
0 1000 98
0 1500 98
0 2000 98
0 2500 98
0 3000 98
0 3500 98
created 1584 samples
0 0 99
0 500 99
0 1000 99
0 1500 99
0 2000 99
0 2500 99
0 3000 99
0 3500 99
created 1600 samples
0 0 100
0 500 100
0 1000 100
0 1500 100
0 2000 100
0 2500 100
0 3000 100
0 3500 100
created 1616 samples
0 0 101
0 500 101
0 1000 101
0 1500 101
0 2000 101
0 2500 101
0 3000 101
0 3500 101
created 1632 samples
0 0 102
0 500 102
0 1000 102
0 1500 102
0 2000 102
0 2500 102
0 3000 102
0 3500 102
created 1648 samples
0 0 103
0 500 103
0 1000 103
0 1500 103
0 2000 103
0 2500 103
0 3000 103
0 3500 103
created 1664 samples
0 0 104
0 500 104
0 1000 104
0 1500 104
0 2000 104
0 2500 104
0 3000 104
0 3500 104
created 1680 samples
0 0 105
0 500 105
0 1000 105
0 1500 105
0 2000 105
0 2500 105
0 3000 105
0 3500 105
created 1696 samples
0 0 106
0 500 106
0 1000 106
0 1500 106
0 2000 106
0 2500 106
0 3000 106
0 3500 106
created 1712 samples
0 0 107
0 500 107
0 1000 107
0 1500 107
0 2000 107
0 2500 107
0 3000 107
0 3500 107
created 1728 samples
0 0 108
0 500 108
0 1000 108
0 1500 108
0 2000 108
0 2500 108
0 3000 108
0 3500 108
created 1744 samples
0 0 109
0 500 109
0 1000 109
0 1500 109
0 2000 109
0 2500 109
0 3000 109
0 3500 109
created 1760 samples
0 0 110
0 500 110
0 1000 110
0 1500 110
0 2000 110
0 2500 110
0 3000 110
0 3500 110
created 1776 samples
0 0 111
0 500 111
0 1000 111
0 1500 111
0 2000 111
0 2500 111
0 3000 111
0 3500 111
created 1792 samples
0 0 112
0 500 112
0 1000 112
0 1500 112
0 2000 112
0 2500 112
0 3000 112
0 3500 112
created 1808 samples
0 0 113
0 500 113
0 1000 113
0 1500 113
0 2000 113
0 2500 113
0 3000 113
0 3500 113
created 1824 samples
0 0 114
0 500 114
0 1000 114
0 1500 114
0 2000 114
0 2500 114
0 3000 114
0 3500 114
created 1840 samples
0 0 115
0 500 115
0 1000 115
0 1500 115
0 2000 115
0 2500 115
0 3000 115
0 3500 115
created 1856 samples
0 0 116
0 500 116
0 1000 116
0 1500 116
0 2000 116
0 2500 116
0 3000 116
0 3500 116
created 1872 samples
0 0 117
0 500 117
0 1000 117
0 1500 117
0 2000 117
0 2500 117
0 3000 117
0 3500 117
created 1888 samples
0 0 118
0 500 118
0 1000 118
0 1500 118
0 2000 118
0 2500 118
0 3000 118
0 3500 118
created 1904 samples
0 0 119
0 500 119
0 1000 119
0 1500 119
0 2000 119
0 2500 119
0 3000 119
0 3500 119
created 1920 samples
0 0 120
0 500 120
0 1000 120
0 1500 120
0 2000 120
0 2500 120
0 3000 120
0 3500 120
created 1936 samples
0 0 121
0 500 121
0 1000 121
0 1500 121
0 2000 121
0 2500 121
0 3000 121
0 3500 121
created 1952 samples
0 0 122
0 500 122
0 1000 122
0 1500 122
0 2000 122
0 2500 122
0 3000 122
0 3500 122
created 1968 samples
0 0 123
0 500 123
0 1000 123
0 1500 123
0 2000 123
0 2500 123
0 3000 123
0 3500 123
created 1984 samples
0 0 124
0 500 124
0 1000 124
0 1500 124
0 2000 124
0 2500 124
0 3000 124
0 3500 124
created 2000 samples
0 0 125
0 500 125
0 1000 125
0 1500 125
0 2000 125
0 2500 125
0 3000 125
0 3500 125
created 2016 samples
0 0 126
0 500 126
0 1000 126
0 1500 126
0 2000 126
0 2500 126
0 3000 126
0 3500 126
created 2032 samples
0 0 127
0 500 127
0 1000 127
0 1500 127
0 2000 127
0 2500 127
0 3000 127
0 3500 127
created 2048 samples
saving to /home/paulgilles/Bachelorarbeit/modified-improved-diffusion-main/Models/2023-06-28_21-54-32/samples_2048_2023-06-28_21-54-32_330000_clip=False.npz
sampling complete
